0 5 1.000000
0 15 1.000000
94 98 1.000000
94 95 1.000000
0 37 1.000000
0 71 1.000000
94 86 1.000000
22 7 1.000000
94 79 1.000000
27 15 1.000000
94 77 1.000000
94 76 1.000000
34 37 1.000000
87 12 1.000000
94 71 1.000000
34 38 1.000000
94 54 1.000000
94 53 1.000000
87 25 1.000000
94 49 1.000000
94 48 1.000000
50 74 1.000000
94 38 1.000000
94 37 1.000000
87 37 1.000000
27 20 1.000000
34 41 1.000000
94 15 1.000000
50 76 1.000000
87 48 1.000000
50 77 1.000000
87 49 1.000000
93 98 1.000000
87 52 1.000000
34 48 1.000000
50 78 1.000000
93 86 1.000000
93 82 1.000000
93 79 1.000000
93 78 1.000000
93 77 1.000000
93 76 1.000000
93 74 1.000000
87 54 1.000000
93 71 1.000000
87 71 1.000000
93 54 1.000000
93 53 1.000000
93 52 1.000000
93 49 1.000000
93 48 1.000000
22 12 1.000000
93 38 1.000000
93 37 1.000000
93 30 1.000000
27 25 1.000000
34 49 1.000000
50 82 1.000000
93 12 1.000000
87 74 1.000000
87 76 1.000000
87 77 1.000000
87 98 1.000000
87 95 1.000000
34 52 1.000000
50 89 1.000000
87 78 1.000000
87 79 1.000000
87 82 1.000000
87 86 1.000000
27 30 1.000000
34 53 1.000000
50 95 1.000000
50 98 1.000000
34 54 1.000000
50 99 1.000000
56 5 1.000000
22 15 1.000000
27 37 1.000000
34 60 1.000000
56 12 1.000000
93 15 1.000000
93 25 1.000000
34 71 1.000000
56 15 1.000000
56 20 1.000000
27 38 1.000000
34 72 1.000000
56 25 1.000000
56 30 1.000000
34 74 1.000000
56 37 1.000000
80 98 1.000000
56 38 1.000000
22 20 1.000000
27 41 1.000000
34 76 1.000000
56 41 1.000000
56 48 1.000000
34 77 1.000000
80 77 1.000000
56 49 1.000000
56 52 1.000000
27 48 1.000000
56 53 1.000000
93 95 1.000000
93 99 1.000000
56 60 1.000000
80 52 1.000000
80 49 1.000000
94 12 1.000000
56 71 1.000000
0 38 1.000000
80 37 1.000000
80 30 1.000000
80 25 1.000000
22 25 1.000000
80 15 1.000000
80 12 1.000000
27 49 1.000000
80 5 1.000000
34 82 1.000000
67 98 1.000000
67 95 1.000000
56 72 1.000000
94 25 1.000000
67 86 1.000000
56 74 1.000000
34 86 1.000000
56 76 1.000000
67 77 1.000000
56 77 1.000000
27 52 1.000000
34 89 1.000000
56 78 1.000000
56 79 1.000000
34 90 1.000000
56 82 1.000000
56 86 1.000000
67 49 1.000000
67 48 1.000000
22 30 1.000000
67 38 1.000000
27 53 1.000000
67 30 1.000000
56 90 1.000000
94 78 1.000000
94 82 1.000000
34 98 1.000000
56 95 1.000000
56 98 1.000000
66 99 1.000000
66 98 1.000000
34 99 1.000000
56 99 1.000000
35 5 1.000000
66 86 1.000000
66 82 1.000000
66 79 1.000000
57 12 1.000000
0 74 1.000000
22 37 1.000000
35 7 1.000000
66 72 1.000000
66 71 1.000000
35 12 1.000000
66 54 1.000000
57 25 1.000000
66 52 1.000000
57 30 1.000000
66 48 1.000000
35 15 1.000000
66 38 1.000000
57 37 1.000000
66 30 1.000000
57 48 1.000000
66 20 1.000000
22 38 1.000000
27 72 1.000000
35 25 1.000000
57 49 1.000000
57 52 1.000000
65 98 1.000000
65 95 1.000000
65 90 1.000000
35 30 1.000000
65 86 1.000000
57 54 1.000000
65 79 1.000000
27 74 1.000000
65 77 1.000000
65 76 1.000000
35 37 1.000000
65 72 1.000000
65 71 1.000000
65 60 1.000000
65 54 1.000000
65 53 1.000000
57 71 1.000000
65 49 1.000000
65 48 1.000000
57 74 1.000000
65 38 1.000000
65 37 1.000000
65 30 1.000000
0 48 1.000000
65 20 1.000000
65 15 1.000000
65 12 1.000000
65 7 1.000000
0 76 1.000000
64 99 1.000000
64 98 1.000000
64 95 1.000000
64 90 1.000000
64 89 1.000000
64 86 1.000000
22 41 1.000000
64 79 1.000000
27 76 1.000000
64 77 1.000000
57 76 1.000000
64 74 1.000000
64 72 1.000000
64 71 1.000000
64 60 1.000000
64 54 1.000000
64 53 1.000000
64 52 1.000000
64 49 1.000000
64 48 1.000000
64 41 1.000000
64 38 1.000000
57 77 1.000000
64 30 1.000000
64 25 1.000000
64 20 1.000000
57 78 1.000000
64 12 1.000000
57 79 1.000000
64 5 1.000000
63 99 1.000000
63 98 1.000000
63 95 1.000000
63 90 1.000000
27 77 1.000000
35 49 1.000000
57 82 1.000000
57 86 1.000000
35 52 1.000000
63 77 1.000000
22 48 1.000000
63 74 1.000000
63 72 1.000000
27 78 1.000000
57 95 1.000000
57 98 1.000000
35 54 1.000000
63 52 1.000000
63 49 1.000000
63 48 1.000000
57 99 1.000000
63 38 1.000000
63 5 1.000000
63 30 1.000000
35 71 1.000000
63 7 1.000000
63 12 1.000000
63 15 1.000000
63 20 1.000000
0 77 1.000000
22 49 1.000000
35 74 1.000000
63 25 1.000000
63 37 1.000000
35 76 1.000000
63 41 1.000000
35 77 1.000000
22 52 1.000000
35 78 1.000000
63 53 1.000000
35 79 1.000000
27 90 1.000000
35 82 1.000000
63 76 1.000000
0 78 1.000000
22 53 1.000000
27 95 1.000000
35 89 1.000000
63 78 1.000000
27 98 1.000000
35 95 1.000000
35 98 1.000000
22 54 1.000000
27 99 1.000000
35 99 1.000000
64 7 1.000000
28 5 1.000000
64 15 1.000000
43 12 1.000000
0 79 1.000000
22 60 1.000000
43 15 1.000000
64 37 1.000000
43 20 1.000000
28 12 1.000000
43 25 1.000000
43 30 1.000000
22 71 1.000000
28 15 1.000000
43 37 1.000000
43 38 1.000000
43 48 1.000000
64 76 1.000000
64 78 1.000000
0 25 1.000000
0 49 1.000000
0 82 1.000000
22 72 1.000000
28 25 1.000000
43 49 1.000000
64 82 1.000000
43 52 1.000000
28 30 1.000000
43 53 1.000000
43 54 1.000000
22 74 1.000000
28 37 1.000000
43 60 1.000000
43 71 1.000000
28 38 1.000000
65 25 1.000000
43 74 1.000000
0 86 1.000000
22 76 1.000000
43 76 1.000000
65 41 1.000000
43 77 1.000000
28 48 1.000000
43 78 1.000000
43 79 1.000000
22 77 1.000000
28 49 1.000000
43 82 1.000000
43 86 1.000000
28 52 1.000000
80 99 1.000000
80 95 1.000000
50 52 1.000000
50 49 1.000000
80 78 1.000000
80 76 1.000000
80 74 1.000000
50 37 1.000000
50 30 1.000000
50 25 1.000000
50 20 1.000000
50 15 1.000000
50 12 1.000000
50 7 1.000000
50 5 1.000000
67 99 1.000000
46 98 1.000000
46 95 1.000000
67 82 1.000000
67 79 1.000000
46 86 1.000000
46 82 1.000000
65 78 1.000000
67 53 1.000000
46 77 1.000000
46 76 1.000000
67 37 1.000000
67 25 1.000000
46 71 1.000000
65 82 1.000000
46 54 1.000000
66 95 1.000000
66 90 1.000000
46 49 1.000000
46 48 1.000000
66 77 1.000000
46 38 1.000000
66 60 1.000000
66 53 1.000000
66 49 1.000000
66 41 1.000000
66 37 1.000000
66 25 1.000000
66 15 1.000000
66 12 1.000000
66 5 1.000000
0 52 1.000000
22 78 1.000000
28 53 1.000000
43 95 1.000000
65 89 1.000000
43 98 1.000000
46 5 1.000000
22 79 1.000000
46 12 1.000000
46 15 1.000000
22 82 1.000000
28 74 1.000000
46 25 1.000000
46 37 1.000000
22 86 1.000000
28 76 1.000000
28 77 1.000000
0 53 1.000000
0 95 1.000000
22 89 1.000000
28 78 1.000000
46 53 1.000000
28 79 1.000000
22 90 1.000000
28 82 1.000000
28 86 1.000000
0 98 1.000000
22 95 1.000000
46 79 1.000000
28 90 1.000000
22 98 1.000000
28 95 1.000000
28 98 1.000000
0 54 1.000000
22 99 1.000000
28 99 1.000000
46 99 1.000000
34 5 1.000000
27 5 1.000000
34 7 1.000000
34 12 1.000000
22 5 1.000000
27 7 1.000000
34 15 1.000000
34 20 1.000000
27 12 1.000000
34 25 1.000000
34 30 1.000000
94 89 1.001164
0 89 1.001393
46 89 1.001474
67 15 1.001824
67 78 1.002042
94 7 1.003983
67 52 1.004313
65 74 1.006105
67 12 1.007469
80 53 1.007597
65 52 1.007824
66 89 1.009868
87 53 1.010958
57 53 1.011902
87 38 1.012375
66 74 1.012410
35 20 1.013165
57 38 1.013784
80 72 1.013994
66 7 1.014935
66 78 1.016184
94 72 1.020824
94 74 1.023518
28 72 1.023702
94 90 1.024096
94 41 1.024096
94 60 1.024190
43 99 1.024956
63 82 1.025063
28 41 1.028001
66 76 1.029478
94 52 1.029520
87 99 1.030032
0 7 1.030879
94 30 1.031027
67 76 1.032118
94 20 1.032232
67 74 1.033330
27 82 1.037054
0 99 1.038193
34 79 1.042301
56 54 1.048237
80 60 1.053661
46 7 1.059119
50 71 1.059158
87 15 1.059687
28 60 1.059713
94 5 1.064214
93 60 1.064928
57 15 1.066901
50 54 1.067300
80 82 1.068508
87 7 1.070050
57 60 1.071080
87 60 1.071197
28 71 1.072003
27 60 1.074591
63 60 1.078897
46 72 1.080967
28 20 1.084945
46 74 1.087221
65 5 1.091636
35 72 1.093618
46 90 1.099227
46 41 1.099227
46 60 1.099782
56 89 1.102722
63 89 1.103431
67 90 1.104821
43 72 1.106206
50 72 1.108000
46 52 1.121262
87 30 1.121602
67 5 1.122547
27 89 1.132981
43 7 1.134446
50 90 1.139493
80 48 1.145237
46 30 1.146059
80 38 1.146100
46 20 1.155606
34 78 1.160315
80 20 1.160560
87 20 1.160668
80 86 1.163246
87 5 1.165031
50 48 1.166336
35 90 1.170292
43 89 1.171549
80 90 1.171814
80 41 1.171814
87 89 1.176965
0 30 1.177573
63 54 1.191047
80 89 1.192834
93 20 1.200250
67 71 1.205774
87 90 1.206289
46 78 1.210186
0 72 1.222553
67 60 1.225531
57 20 1.227848
50 41 1.232602
50 86 1.239984
63 71 1.256075
50 53 1.257804
43 90 1.260308
0 60 1.268133
67 72 1.271429
27 54 1.280548
0 41 1.290080
50 60 1.293220
93 72 1.304278
67 20 1.328026
35 41 1.328493
50 38 1.338785
28 54 1.339799
93 89 1.340028
28 89 1.347548
80 7 1.361510
0 90 1.370608
27 71 1.372117
80 79 1.413184
87 72 1.413822
67 54 1.423105
93 7 1.425596
80 71 1.429592
43 41 1.438306
56 7 1.439889
50 79 1.480568
35 86 1.516565
93 5 1.518966
67 41 1.553520
57 7 1.560146
57 5 1.592823
0 12 1.596605
0 20 1.599169
93 90 1.600977
57 89 1.603152
57 72 1.631723
87 41 1.657427
57 90 1.683336
35 53 1.734344
27 86 1.736649
35 60 1.786639
34 95 1.814261
93 41 1.937914
35 48 1.997697
67 89 2.506933
63 79 2.526178
94 99 2.577625
43 5 2.679974
28 7 2.851923
65 99 3.088390
57 41 3.147603
35 38 3.184026
63 86 3.631667
67 7 4.116457
80 54 4.569762
27 79 6.791847
